1011938.jpg 0.496744 0.341867 0.0700759	0.0619395 0.0293738
1008805.jpg 0.454678 0.373344 0.12886 0.0427398 0.000377222
1000312.jpg 0.490417 0.274963 0.153612	0.0810024 6.77E-06
1026179.jpg 0.296732 0.241628 0.203272	0.132662  0.125706
1000139.jpg 0.495266 0.233097 0.148339	0.064373  0.0589239
1022615.jpg 0.262846 0.241792 0.214312	0.161802  0.119248
1012137.jpg 0.534877 0.233005 0.116201	0.113923  0.00199348
1000262.jpg 0.509128 0.251533 0.169797	0.0695225 2.04E-05
1000331.jpg 0.35903  0.317966 0.262048	0.0424414 0.0185152
1008802.jpg 0.492858 0.36005  0.146695	0.000352316 4.53E-05
1008799.jpg 0.499784 0.3319   0.109378	0.058915    2.31E-05
